## 1.1.1
## assembly	: /in/data/genome_assembly.fasta
## coverage	 spades - /in/data/genome_assembly.fasta
## taxonomy	 tax0 - /in/data/blastn.fmt6.out.txt
## nodesDB	: None
## taxrule	: bestsum
## min_score	: 0.0
## min_diff	: 0.0
## tax_collision_random	: False
##
# name	length	GC	N	spades	phylum.t.6%s	phylum.s.7%s	phylum.c.8
NODE_22_length_68392_cov_74.446373	68392	0.4379	0	74.4464	Chordata	313.0	0
NODE_23_length_67409_cov_78.812318	67409	0.4145	0	78.8123	Arthropoda	427.0	0
NODE_24_length_63878_cov_81.008652	63878	0.4168	10	81.0087	Chordata	974.0	0
NODE_29_length_51695_cov_71.095122	51695	0.3991	0	71.0951	no-hit	0.0	0
NODE_36_length_46386_cov_71.350364	46386	0.398	0	71.3504	no-hit	0.0	0
NODE_40_length_45336_cov_75.958992	45336	0.4303	0	75.959	Cnidaria	364.0	0
NODE_41_length_45154_cov_64.877321	45154	0.4044	0	64.8773	no-hit	0.0	0
NODE_42_length_44924_cov_76.432894	44924	0.4358	0	76.4329	no-hit	0.0	0
NODE_43_length_44601_cov_73.713907	44601	0.4158	0	73.7139	no-hit	0.0	0
NODE_57_length_39725_cov_68.016117	39725	0.4146	0	68.0161	no-hit	0.0	0
NODE_62_length_38928_cov_77.655530	38928	0.4246	0	77.6555	no-hit	0.0	0
NODE_63_length_38529_cov_71.912254	38529	0.41	0	71.9123	no-hit	0.0	0
NODE_65_length_38452_cov_67.054827	38452	0.4356	0	67.0548	Chordata	145.0	0
NODE_78_length_36923_cov_77.118547	36923	0.4279	0	77.1185	Arthropoda	270.0	0
NODE_79_length_36749_cov_88.805492	36749	0.404	0	88.8055	no-hit	0.0	0
NODE_82_length_36391_cov_68.627196	36391	0.4228	0	68.6272	no-hit	0.0	0
NODE_83_length_36217_cov_70.776868	36217	0.4172	0	70.7769	no-hit	0.0	0
NODE_87_length_35721_cov_68.973376	35721	0.4035	0	68.9734	no-hit	0.0	0
NODE_89_length_35462_cov_85.283934	35462	0.4075	0	85.2839	Platyhelminthes	231.0	0
NODE_91_length_35176_cov_68.520300	35176	0.4045	0	68.5203	Chordata	342.0	0
NODE_93_length_34902_cov_70.325714	34902	0.4116	0	70.3257	no-hit	0.0	0
NODE_94_length_34700_cov_70.392514	34700	0.407	0	70.3925	Arthropoda	309.0	0
NODE_96_length_34233_cov_85.717883	34233	0.4261	0	85.7179	Arthropoda	250.0	0
NODE_101_length_33679_cov_74.323403	33679	0.4115	0	74.3234	Oomycota	182.0	0
NODE_111_length_32871_cov_66.055559	32871	0.4067	0	66.0556	no-hit	0.0	0
NODE_116_length_32549_cov_85.165281	32549	0.4464	0	85.1653	no-hit	0.0	0
NODE_117_length_32521_cov_69.027925	32521	0.4318	0	69.0279	no-hit	0.0	0
NODE_121_length_32037_cov_71.518210	32037	0.4079	0	71.5182	no-hit	0.0	0
NODE_122_length_32007_cov_130.657532	32007	0.4217	0	130.6575	Chordata	145.0	0
NODE_125_length_31935_cov_70.591468	31935	0.4184	0	70.5915	no-hit	0.0	0
NODE_128_length_31718_cov_67.394678	31718	0.4188	0	67.3947	no-hit	0.0	0
NODE_136_length_31428_cov_67.891327	31428	0.4079	0	67.8913	no-hit	0.0	0
NODE_142_length_30826_cov_96.864028	30826	0.4183	0	96.864	Chordata	147.0	0
NODE_143_length_30812_cov_72.298520	30812	0.4183	0	72.2985	no-hit	0.0	0
NODE_149_length_30239_cov_73.239739	30239	0.4217	0	73.2397	Chordata	156.0	0
NODE_153_length_30019_cov_63.196780	30019	0.3891	0	63.1968	no-hit	0.0	0
NODE_157_length_29729_cov_69.848138	29729	0.4091	0	69.8481	no-hit	0.0	0
NODE_159_length_29535_cov_63.670853	29535	0.4153	0	63.6709	Chordata	217.0	0
NODE_162_length_29483_cov_66.983167	29483	0.4074	0	66.9832	no-hit	0.0	0
NODE_166_length_29035_cov_77.316217	29035	0.4352	0	77.3162	no-hit	0.0	0
NODE_174_length_28514_cov_73.895523	28514	0.4132	0	73.8955	Chordata	207.0	0
NODE_182_length_28116_cov_81.779842	28116	0.4294	10	81.7798	no-hit	0.0	0
NODE_187_length_27906_cov_68.931187	27906	0.411	0	68.9312	no-hit	0.0	0
NODE_188_length_27897_cov_71.671639	27897	0.4162	0	71.6716	no-hit	0.0	0
NODE_190_length_27773_cov_74.309684	27773	0.4222	0	74.3097	no-hit	0.0	0
NODE_195_length_27492_cov_93.386467	27492	0.4153	0	93.3865	Chordata	267.0	0
NODE_196_length_27441_cov_81.877284	27441	0.4157	0	81.8773	no-hit	0.0	0
NODE_197_length_27420_cov_77.323044	27420	0.435	0	77.323	no-hit	0.0	0
NODE_200_length_27353_cov_69.057596	27353	0.4136	0	69.0576	Chordata	147.0	0
NODE_214_length_26803_cov_93.584936	26803	0.4272	0	93.5849	no-hit	0.0	0
NODE_216_length_26714_cov_73.083230	26714	0.4281	0	73.0832	Chordata	226.0	0
NODE_220_length_26509_cov_78.429517	26509	0.4074	0	78.4295	Platyhelminthes	508.0	0
NODE_224_length_26310_cov_77.091831	26310	0.42	0	77.0918	no-hit	0.0	0
NODE_244_length_25616_cov_87.019460	25616	0.4149	0	87.0195	no-hit	0.0	0
NODE_248_length_25415_cov_91.084142	25415	0.4116	0	91.0841	Arthropoda	220.0	0
NODE_250_length_25387_cov_63.782892	25387	0.4006	0	63.7829	Chordata	200.0	0
NODE_252_length_25349_cov_71.638216	25349	0.4383	0	71.6382	no-hit	0.0	0
NODE_253_length_25344_cov_70.883643	25344	0.4248	0	70.8836	no-hit	0.0	0
NODE_256_length_25289_cov_68.168412	25289	0.4202	0	68.1684	no-hit	0.0	0
NODE_271_length_24607_cov_64.550999	24607	0.4155	0	64.551	no-hit	0.0	0
NODE_276_length_24503_cov_69.914231	24503	0.4122	0	69.9142	no-hit	0.0	0
NODE_277_length_24481_cov_114.232216	24481	0.4294	0	114.2322	Arthropoda	462.0	0
NODE_283_length_24372_cov_127.124964	24372	0.406	0	127.125	Arthropoda	394.0	0
NODE_288_length_24172_cov_71.622494	24172	0.4336	0	71.6225	no-hit	0.0	0
NODE_310_length_23246_cov_67.107083	23246	0.4189	0	67.1071	no-hit	0.0	0
NODE_318_length_22975_cov_74.838545	22975	0.4333	0	74.8385	no-hit	0.0	0
NODE_322_length_22896_cov_70.219948	22896	0.4024	0	70.2199	no-hit	0.0	0
NODE_323_length_22861_cov_76.706197	22861	0.425	0	76.7062	Arthropoda	1168.0	0
NODE_324_length_22821_cov_63.421782	22821	0.4252	100	63.4218	Chordata	172.0	0
NODE_331_length_22588_cov_62.656435	22588	0.4368	0	62.6564	no-hit	0.0	0
NODE_340_length_22460_cov_99.672787	22460	0.3949	0	99.6728	Arthropoda	226.0	0
NODE_349_length_22287_cov_78.882485	22287	0.4333	0	78.8825	Platyhelminthes	250.0	0
NODE_353_length_22180_cov_66.997964	22180	0.4067	0	66.998	no-hit	0.0	0
NODE_354_length_22169_cov_67.531957	22169	0.4009	0	67.532	Arthropoda	490.0	0
NODE_355_length_22129_cov_63.788636	22129	0.4045	10	63.7886	no-hit	0.0	0
NODE_356_length_22075_cov_76.296982	22075	0.4175	0	76.297	no-hit	0.0	0
NODE_357_length_22026_cov_68.242881	22026	0.426	0	68.2429	no-hit	0.0	0
NODE_358_length_22000_cov_77.031291	22000	0.4177	0	77.0313	no-hit	0.0	0
NODE_360_length_21877_cov_68.044266	21877	0.407	0	68.0443	no-hit	0.0	0
NODE_362_length_21848_cov_76.334344	21848	0.4137	0	76.3343	no-hit	0.0	0
NODE_364_length_21740_cov_83.537091	21740	0.4269	0	83.5371	no-hit	0.0	0
NODE_369_length_21657_cov_125.604310	21657	0.4206	0	125.6043	Chordata	145.0	0
NODE_378_length_21466_cov_78.962831	21466	0.4173	0	78.9628	no-hit	0.0	0
NODE_379_length_21451_cov_65.703378	21451	0.4011	100	65.7034	no-hit	0.0	0
NODE_386_length_21367_cov_82.501174	21367	0.4044	0	82.5012	no-hit	0.0	0
NODE_389_length_21323_cov_93.494540	21323	0.4653	0	93.4945	no-hit	0.0	0
NODE_394_length_21166_cov_66.072882	21166	0.4199	0	66.0729	no-hit	0.0	0
NODE_402_length_21069_cov_74.144865	21069	0.4694	0	74.1449	no-hit	0.0	0
NODE_403_length_21055_cov_98.560683	21055	0.4064	0	98.5607	no-hit	0.0	0
NODE_407_length_20962_cov_76.355327	20962	0.4281	0	76.3553	Chordata	375.0	0
NODE_412_length_20887_cov_73.445123	20887	0.4276	0	73.4451	no-hit	0.0	0
NODE_419_length_20685_cov_76.588267	20685	0.4725	0	76.5883	Discosea	303.0	0
NODE_432_length_20500_cov_66.510160	20500	0.4129	0	66.5102	no-hit	0.0	0
NODE_437_length_20433_cov_67.678228	20433	0.4121	0	67.6782	no-hit	0.0	0
NODE_441_length_20395_cov_69.977901	20395	0.4137	0	69.9779	no-hit	0.0	0
NODE_445_length_20372_cov_68.899778	20372	0.4048	0	68.8998	Arthropoda	627.0	0
NODE_455_length_20111_cov_73.379455	20111	0.403	0	73.3795	no-hit	0.0	0
NODE_456_length_20094_cov_65.630114	20094	0.3967	0	65.6301	no-hit	0.0	0
NODE_466_length_19958_cov_77.778381	19958	0.4129	0	77.7784	no-hit	0.0	0
NODE_467_length_19932_cov_101.727676	19932	0.4248	0	101.7277	no-hit	0.0	0
NODE_469_length_19821_cov_65.950719	19821	0.4012	0	65.9507	Chordata	178.0	0
NODE_470_length_19802_cov_75.814956	19802	0.4548	0	75.815	Chordata	488.0	0
NODE_471_length_19774_cov_80.606742	19774	0.424	0	80.6067	no-hit	0.0	0
NODE_473_length_19743_cov_86.165921	19743	0.4225	0	86.1659	no-hit	0.0	0
NODE_478_length_19665_cov_69.856341	19665	0.3998	0	69.8563	no-hit	0.0	0
NODE_480_length_19652_cov_62.517752	19652	0.4086	0	62.5178	Streptophyta	228.0	0
NODE_487_length_19578_cov_66.229937	19578	0.4164	0	66.2299	no-hit	0.0	0
NODE_496_length_19490_cov_96.900170	19490	0.4054	0	96.9002	no-hit	0.0	0
NODE_504_length_19362_cov_65.269277	19362	0.4446	0	65.2693	no-hit	0.0	0
NODE_506_length_19333_cov_80.728396	19333	0.4209	0	80.7284	no-hit	0.0	0
NODE_526_length_19069_cov_61.305286	19069	0.3857	0	61.3053	no-hit	0.0	0
NODE_537_length_18952_cov_91.826649	18952	0.4231	0	91.8266	no-hit	0.0	0
NODE_538_length_18944_cov_74.133991	18944	0.4623	0	74.134	no-hit	0.0	0
NODE_555_length_18686_cov_66.991026	18686	0.4225	0	66.991	no-hit	0.0	0
NODE_573_length_18528_cov_74.906509	18528	0.4144	0	74.9065	Arthropoda	239.0	0
NODE_580_length_18474_cov_70.739686	18474	0.4062	10	70.7397	no-hit	0.0	0
NODE_581_length_18453_cov_102.404223	18453	0.4356	100	102.4042	no-hit	0.0	0
NODE_588_length_18424_cov_72.082793	18424	0.4092	0	72.0828	no-hit	0.0	0
NODE_589_length_18417_cov_66.938277	18417	0.4313	0	66.9383	no-hit	0.0	0
NODE_599_length_18309_cov_120.367266	18309	0.4276	0	120.3673	no-hit	0.0	0
NODE_605_length_18271_cov_87.024678	18271	0.4084	0	87.0247	no-hit	0.0	0
NODE_621_length_17978_cov_74.311994	17978	0.4294	0	74.312	Arthropoda	501.0	0
NODE_632_length_17885_cov_63.838780	17885	0.4122	0	63.8388	Chordata	154.0	0
NODE_635_length_17844_cov_74.702707	17844	0.3912	0	74.7027	no-hit	0.0	0
NODE_636_length_17844_cov_66.578657	17844	0.4437	0	66.5787	Arthropoda	213.0	0
NODE_651_length_17662_cov_68.889110	17662	0.4375	0	68.8891	no-hit	0.0	0
NODE_655_length_17641_cov_61.235026	17641	0.3936	0	61.235	no-hit	0.0	0
NODE_657_length_17624_cov_64.580783	17624	0.4134	100	64.5808	no-hit	0.0	0
NODE_666_length_17556_cov_64.000229	17556	0.4148	0	64.0002	no-hit	0.0	0
NODE_667_length_17538_cov_65.671153	17538	0.405	0	65.6712	no-hit	0.0	0
NODE_673_length_17488_cov_67.777152	17488	0.407	0	67.7772	no-hit	0.0	0
NODE_687_length_17368_cov_64.964259	17368	0.4091	0	64.9643	no-hit	0.0	0
NODE_688_length_17365_cov_75.675266	17365	0.4383	0	75.6753	no-hit	0.0	0
NODE_689_length_17359_cov_65.005497	17359	0.4117	0	65.0055	no-hit	0.0	0
NODE_701_length_17255_cov_86.409186	17255	0.4267	0	86.4092	no-hit	0.0	0
NODE_705_length_17223_cov_68.195497	17223	0.4242	0	68.1955	Arthropoda	926.0	0
NODE_708_length_17180_cov_70.426767	17180	0.4179	0	70.4268	Chordata	171.0	0
NODE_711_length_17143_cov_80.647193	17143	0.4141	0	80.6472	no-hit	0.0	0
NODE_713_length_17134_cov_68.099549	17134	0.4028	0	68.0995	no-hit	0.0	0
NODE_719_length_17064_cov_65.325543	17064	0.4179	0	65.3255	no-hit	0.0	0
NODE_745_length_16838_cov_77.734741	16838	0.4249	0	77.7347	no-hit	0.0	0
NODE_746_length_16832_cov_68.798389	16832	0.4217	0	68.7984	no-hit	0.0	0
NODE_752_length_16796_cov_85.421736	16796	0.4233	0	85.4217	no-hit	0.0	0
NODE_763_length_16605_cov_63.213819	16605	0.3931	0	63.2138	no-hit	0.0	0
NODE_764_length_16597_cov_68.019855	16597	0.4363	0	68.0199	Arthropoda	206.0	0
NODE_769_length_16551_cov_65.577455	16551	0.3892	0	65.5775	no-hit	0.0	0
NODE_770_length_16546_cov_92.618374	16546	0.4273	0	92.6184	no-hit	0.0	0
NODE_773_length_16524_cov_98.778075	16524	0.4171	0	98.7781	Arthropoda	191.0	0
NODE_774_length_16516_cov_65.033335	16516	0.4282	0	65.0333	no-hit	0.0	0
NODE_775_length_16509_cov_82.806779	16509	0.4317	0	82.8068	Mollusca	508.0	0
NODE_779_length_16485_cov_70.356229	16485	0.4398	0	70.3562	Chordata	691.0	0
NODE_788_length_16361_cov_74.660096	16361	0.438	0	74.6601	no-hit	0.0	0
NODE_792_length_16314_cov_68.648827	16314	0.4152	0	68.6488	no-hit	0.0	0
NODE_807_length_16212_cov_66.370995	16212	0.4174	0	66.371	no-hit	0.0	0
NODE_813_length_16177_cov_63.353292	16177	0.4208	0	63.3533	no-hit	0.0	0
NODE_822_length_16102_cov_67.152824	16102	0.4113	0	67.1528	no-hit	0.0	0
NODE_832_length_16037_cov_110.726253	16037	0.4045	0	110.7263	no-hit	0.0	0
NODE_859_length_15811_cov_67.394560	15811	0.4449	0	67.3946	no-hit	0.0	0
NODE_861_length_15789_cov_65.071029	15789	0.4191	0	65.071	no-hit	0.0	0
NODE_868_length_15730_cov_71.842011	15730	0.3983	0	71.842	no-hit	0.0	0
NODE_872_length_15720_cov_92.813655	15720	0.4348	0	92.8137	no-hit	0.0	0
NODE_873_length_15715_cov_64.191457	15715	0.4391	0	64.1915	no-hit	0.0	0
NODE_883_length_15603_cov_81.357207	15603	0.4363	0	81.3572	no-hit	0.0	0
NODE_899_length_15491_cov_96.037888	15491	0.4573	100	96.0379	Arthropoda	147.0	0
NODE_916_length_15358_cov_65.685099	15358	0.4133	0	65.6851	no-hit	0.0	0
NODE_919_length_15349_cov_129.781888	15349	0.4272	0	129.7819	no-hit	0.0	0
NODE_922_length_15339_cov_71.083934	15339	0.4265	0	71.0839	no-hit	0.0	0
NODE_929_length_15289_cov_72.600184	15289	0.4845	0	72.6002	no-hit	0.0	0
NODE_955_length_15133_cov_83.788722	15133	0.4534	0	83.7887	no-hit	0.0	0
NODE_956_length_15131_cov_107.191909	15131	0.4033	0	107.1919	no-hit	0.0	0
NODE_967_length_15065_cov_63.504470	15065	0.4111	0	63.5045	no-hit	0.0	0
NODE_970_length_15060_cov_94.961490	15060	0.4149	0	94.9615	no-hit	0.0	0
NODE_975_length_15021_cov_69.156317	15021	0.4217	0	69.1563	Arthropoda	254.0	0
NODE_977_length_14956_cov_78.220647	14956	0.4285	0	78.2206	no-hit	0.0	0
NODE_988_length_14867_cov_67.503313	14867	0.4106	0	67.5033	no-hit	0.0	0
NODE_995_length_14809_cov_61.788895	14809	0.4164	10	61.7889	no-hit	0.0	0
NODE_1011_length_14748_cov_72.181992	14748	0.4502	0	72.182	no-hit	0.0	0
NODE_1031_length_14638_cov_95.423803	14638	0.419	0	95.4238	no-hit	0.0	0
NODE_1101_length_14326_cov_69.148642	14326	0.4014	0	69.1486	no-hit	0.0	0
NODE_1128_length_14200_cov_66.098704	14200	0.4046	0	66.0987	no-hit	0.0	0
NODE_1142_length_14151_cov_67.063521	14151	0.4092	0	67.0635	Arthropoda	147.0	0
NODE_1158_length_14110_cov_72.914345	14110	0.4337	0	72.9143	no-hit	0.0	0
NODE_1166_length_14080_cov_67.299079	14080	0.4121	0	67.2991	Chordata	207.0	0
NODE_1185_length_13996_cov_68.076442	13996	0.4573	0	68.0764	Chordata	163.0	0
NODE_1189_length_13962_cov_65.440043	13962	0.3993	0	65.44	no-hit	0.0	0
NODE_1200_length_13925_cov_87.514731	13925	0.4804	0	87.5147	no-hit	0.0	0
NODE_1233_length_13730_cov_76.219366	13730	0.461	0	76.2194	no-hit	0.0	0
NODE_1235_length_13721_cov_61.498461	13721	0.411	0	61.4985	Arthropoda	957.0	0
NODE_1238_length_13692_cov_71.526845	13692	0.421	0	71.5268	no-hit	0.0	0
NODE_1247_length_13653_cov_65.576974	13653	0.4044	0	65.577	no-hit	0.0	0
NODE_1268_length_13568_cov_63.640798	13568	0.4108	10	63.6408	no-hit	0.0	0
NODE_1274_length_13548_cov_67.530176	13548	0.4118	0	67.5302	no-hit	0.0	0
NODE_1279_length_13536_cov_70.022661	13536	0.4181	0	70.0227	Chordata	171.0	0
NODE_1309_length_13393_cov_73.773280	13393	0.4408	0	73.7733	no-hit	0.0	0
NODE_1323_length_13347_cov_78.855011	13347	0.4237	0	78.855	no-hit	0.0	0
NODE_1328_length_13336_cov_70.010483	13336	0.4557	0	70.0105	no-hit	0.0	0
NODE_1362_length_13205_cov_73.974482	13205	0.4298	0	73.9745	no-hit	0.0	0
NODE_1372_length_13147_cov_88.319128	13147	0.4443	0	88.3191	no-hit	0.0	0
NODE_1380_length_13122_cov_61.074511	13122	0.3964	0	61.0745	no-hit	0.0	0
NODE_1391_length_13092_cov_89.688206	13092	0.4245	0	89.6882	no-hit	0.0	0
NODE_1398_length_13065_cov_66.456729	13065	0.3995	0	66.4567	no-hit	0.0	0
NODE_1400_length_13057_cov_79.066641	13057	0.4087	0	79.0666	no-hit	0.0	0
NODE_1407_length_13026_cov_80.853734	13026	0.4493	0	80.8537	no-hit	0.0	0
NODE_1420_length_12999_cov_89.891503	12999	0.4265	100	89.8915	no-hit	0.0	0
NODE_1458_length_12848_cov_79.667058	12848	0.4271	0	79.6671	Arthropoda	250.0	0
NODE_1470_length_12799_cov_69.484751	12799	0.4523	10	69.4848	no-hit	0.0	0
NODE_1510_length_12658_cov_76.206979	12658	0.4676	0	76.207	no-hit	0.0	0
NODE_1520_length_12624_cov_64.953614	12624	0.4233	0	64.9536	no-hit	0.0	0
NODE_1528_length_12594_cov_61.901015	12594	0.3776	0	61.901	no-hit	0.0	0
NODE_1558_length_12480_cov_72.528340	12480	0.4433	0	72.5283	no-hit	0.0	0
NODE_1564_length_12445_cov_89.500970	12445	0.4313	0	89.501	no-hit	0.0	0
NODE_1616_length_12292_cov_63.443062	12292	0.4147	0	63.4431	no-hit	0.0	0
NODE_1622_length_12253_cov_75.026445	12253	0.4389	0	75.0264	no-hit	0.0	0
NODE_1642_length_12185_cov_63.017839	12185	0.4268	0	63.0178	no-hit	0.0	0
NODE_1649_length_12165_cov_64.116562	12165	0.409	0	64.1166	no-hit	0.0	0
NODE_1652_length_12161_cov_107.845002	12161	0.4195	0	107.845	no-hit	0.0	0
NODE_1666_length_12129_cov_101.270577	12129	0.4142	0	101.2706	no-hit	0.0	0
NODE_1685_length_12080_cov_63.733317	12080	0.4077	0	63.7333	no-hit	0.0	0
NODE_1686_length_12077_cov_77.014833	12077	0.4228	0	77.0148	no-hit	0.0	0
NODE_1690_length_12070_cov_65.443842	12070	0.3949	0	65.4438	no-hit	0.0	0
NODE_1699_length_12043_cov_74.583988	12043	0.4199	0	74.584	Arthropoda	309.0	0
NODE_1702_length_12026_cov_82.468742	12026	0.4061	0	82.4687	no-hit	0.0	0
NODE_1732_length_11961_cov_76.814372	11961	0.4197	0	76.8144	no-hit	0.0	0
NODE_1758_length_11885_cov_69.330369	11885	0.4211	0	69.3304	no-hit	0.0	0
NODE_1792_length_11816_cov_87.211006	11816	0.4163	0	87.211	no-hit	0.0	0
NODE_1793_length_11807_cov_77.146547	11807	0.444	0	77.1465	Chordata	715.0	0
NODE_1815_length_11767_cov_70.909153	11767	0.4123	0	70.9092	no-hit	0.0	0
NODE_1854_length_11693_cov_69.247590	11693	0.4286	0	69.2476	no-hit	0.0	0
NODE_1894_length_11597_cov_66.954774	11597	0.4334	0	66.9548	Arthropoda	475.0	0
NODE_1900_length_11586_cov_62.447041	11586	0.4033	0	62.447	no-hit	0.0	0
NODE_1928_length_11538_cov_73.711543	11538	0.4067	0	73.7115	no-hit	0.0	0
NODE_1954_length_11483_cov_73.369016	11483	0.4142	0	73.369	no-hit	0.0	0
NODE_1972_length_11455_cov_62.253472	11455	0.4161	0	62.2535	no-hit	0.0	0
NODE_1990_length_11408_cov_72.369959	11408	0.4155	0	72.37	no-hit	0.0	0
NODE_2015_length_11347_cov_54.160248	11347	0.4223	0	54.1602	no-hit	0.0	0
NODE_2055_length_11285_cov_73.690757	11285	0.4346	0	73.6908	no-hit	0.0	0
NODE_2075_length_11251_cov_65.751029	11251	0.482	0	65.751	no-hit	0.0	0
NODE_2091_length_11219_cov_71.674295	11219	0.4037	0	71.6743	no-hit	0.0	0
NODE_2097_length_11212_cov_67.472295	11212	0.4233	0	67.4723	no-hit	0.0	0
NODE_2115_length_11181_cov_71.955421	11181	0.4183	0	71.9554	no-hit	0.0	0
NODE_2137_length_11145_cov_78.561077	11145	0.3824	0	78.5611	no-hit	0.0	0
NODE_2139_length_11137_cov_66.216094	11137	0.4344	0	66.2161	no-hit	0.0	0
NODE_2159_length_11093_cov_66.138344	11093	0.404	0	66.1383	no-hit	0.0	0
NODE_2191_length_11040_cov_90.676640	11040	0.4295	0	90.6766	Chordata	241.0	0
NODE_2220_length_10992_cov_70.110124	10992	0.4201	0	70.1101	no-hit	0.0	0
NODE_2236_length_10965_cov_67.100202	10965	0.4055	0	67.1002	no-hit	0.0	0
NODE_2377_length_10765_cov_65.307728	10765	0.4439	0	65.3077	no-hit	0.0	0
NODE_2429_length_10675_cov_72.007077	10675	0.431	0	72.0071	no-hit	0.0	0
NODE_2445_length_10644_cov_70.869689	10644	0.4204	0	70.8697	no-hit	0.0	0
NODE_2509_length_10537_cov_70.161759	10537	0.4429	0	70.1618	Chordata	281.0	0
NODE_2510_length_10537_cov_67.191300	10537	0.3991	10	67.1913	no-hit	0.0	0
NODE_2540_length_10492_cov_57.686798	10492	0.4113	0	57.6868	no-hit	0.0	0
NODE_2568_length_10454_cov_60.973885	10454	0.4045	0	60.9739	Chordata	440.0	0
NODE_2607_length_10407_cov_72.120136	10407	0.4263	0	72.1201	no-hit	0.0	0
NODE_2610_length_10403_cov_72.194461	10403	0.3988	0	72.1945	no-hit	0.0	0
NODE_2621_length_10386_cov_67.072364	10386	0.4376	0	67.0724	no-hit	0.0	0
NODE_2638_length_10363_cov_137.921738	10363	0.4387	0	137.9217	no-hit	0.0	0
NODE_2641_length_10359_cov_66.264443	10359	0.4152	0	66.2644	no-hit	0.0	0
NODE_2656_length_10335_cov_67.303763	10335	0.4224	0	67.3038	no-hit	0.0	0
NODE_2674_length_10311_cov_68.331835	10311	0.4095	0	68.3318	no-hit	0.0	0
NODE_2717_length_10245_cov_70.895653	10245	0.3939	0	70.8957	no-hit	0.0	0
NODE_2761_length_10181_cov_67.643508	10181	0.4131	0	67.6435	no-hit	0.0	0
NODE_2845_length_10096_cov_83.006987	10096	0.4209	0	83.007	no-hit	0.0	0
NODE_2915_length_10028_cov_54.086022	10028	0.4171	0	54.086	no-hit	0.0	0
NODE_2916_length_10027_cov_129.492563	10027	0.4184	0	129.4926	no-hit	0.0	0
NODE_2919_length_10024_cov_77.689555	10024	0.391	0	77.6896	no-hit	0.0	0
NODE_3072_length_9842_cov_64.244547	9842	0.4009	0	64.2445	Arthropoda	283.0	0
NODE_3080_length_9825_cov_121.831453	9825	0.4173	0	121.8315	no-hit	0.0	0
NODE_3122_length_9775_cov_67.414725	9775	0.4074	0	67.4147	no-hit	0.0	0
NODE_3196_length_9699_cov_67.685512	9699	0.4159	0	67.6855	no-hit	0.0	0
NODE_3228_length_9666_cov_80.133799	9666	0.4078	0	80.1338	no-hit	0.0	0
NODE_3255_length_9641_cov_68.761292	9641	0.4421	0	68.7613	no-hit	0.0	0
NODE_3375_length_9541_cov_62.134404	9541	0.4489	0	62.1344	no-hit	0.0	0
NODE_3404_length_9517_cov_69.350953	9517	0.441	0	69.351	no-hit	0.0	0
NODE_3421_length_9499_cov_66.258119	9499	0.4322	0	66.2581	no-hit	0.0	0
NODE_3476_length_9445_cov_59.097459	9445	0.4087	0	59.0975	no-hit	0.0	0
NODE_3552_length_9381_cov_70.792240	9381	0.4465	0	70.7922	no-hit	0.0	0
NODE_3563_length_9374_cov_73.069915	9374	0.4219	0	73.0699	no-hit	0.0	0
NODE_3574_length_9366_cov_66.450318	9366	0.4064	0	66.4503	no-hit	0.0	0
NODE_3618_length_9322_cov_68.531422	9322	0.425	0	68.5314	no-hit	0.0	0
NODE_3629_length_9309_cov_57.572140	9309	0.4286	0	57.5721	no-hit	0.0	0
NODE_3759_length_9205_cov_127.917068	9205	0.4161	0	127.9171	Arthropoda	206.0	0
NODE_3778_length_9191_cov_67.336515	9191	0.4235	0	67.3365	no-hit	0.0	0
NODE_3797_length_9181_cov_61.924868	9181	0.3963	0	61.9249	no-hit	0.0	0
NODE_3810_length_9172_cov_65.395492	9172	0.4035	0	65.3955	no-hit	0.0	0
NODE_3811_length_9171_cov_73.605784	9171	0.4519	0	73.6058	Chordata	198.0	0
NODE_3955_length_9039_cov_67.577884	9039	0.4228	0	67.5779	no-hit	0.0	0
NODE_3987_length_9016_cov_77.228437	9016	0.4238	0	77.2284	Arthropoda	180.0	0
NODE_4156_length_8890_cov_67.041870	8890	0.408	0	67.0419	no-hit	0.0	0
NODE_4287_length_8806_cov_90.338069	8806	0.4383	0	90.3381	no-hit	0.0	0
NODE_4394_length_8726_cov_65.916753	8726	0.4034	0	65.9168	no-hit	0.0	0
NODE_4470_length_8671_cov_69.501862	8671	0.4462	0	69.5019	no-hit	0.0	0
NODE_4503_length_8649_cov_68.949603	8649	0.4324	0	68.9496	no-hit	0.0	0
NODE_4713_length_8505_cov_63.720218	8505	0.4081	0	63.7202	no-hit	0.0	0
NODE_4764_length_8476_cov_70.440767	8476	0.439	0	70.4408	no-hit	0.0	0
NODE_4890_length_8401_cov_64.288323	8401	0.4119	0	64.2883	Arthropoda	438.0	0
NODE_4892_length_8400_cov_68.033281	8400	0.389	0	68.0333	no-hit	0.0	0
NODE_4894_length_8399_cov_83.641312	8399	0.4104	0	83.6413	no-hit	0.0	0
NODE_5298_length_8170_cov_70.129495	8170	0.3949	0	70.1295	no-hit	0.0	0
NODE_5316_length_8161_cov_63.317046	8161	0.4469	0	63.317	no-hit	0.0	0
NODE_5579_length_8036_cov_73.374042	8036	0.4296	0	73.374	no-hit	0.0	0
NODE_5714_length_7975_cov_85.065713	7975	0.4534	0	85.0657	no-hit	0.0	0
NODE_5731_length_7966_cov_64.278109	7966	0.4168	0	64.2781	no-hit	0.0	0
NODE_5775_length_7942_cov_64.600890	7942	0.4134	0	64.6009	no-hit	0.0	0
NODE_5799_length_7926_cov_51.299529	7926	0.416	0	51.2995	no-hit	0.0	0
NODE_5840_length_7914_cov_65.222917	7914	0.3998	0	65.2229	no-hit	0.0	0
NODE_6339_length_7682_cov_82.186982	7682	0.4271	0	82.187	no-hit	0.0	0
NODE_6503_length_7624_cov_56.664105	7624	0.4242	0	56.6641	no-hit	0.0	0
NODE_6549_length_7604_cov_70.130862	7604	0.4258	0	70.1309	Arthropoda	209.0	0
NODE_6691_length_7544_cov_71.743538	7544	0.4091	0	71.7435	Arthropoda	795.0	0
NODE_6948_length_7450_cov_67.661061	7450	0.3954	0	67.6611	Chordata	217.0	0
NODE_7082_length_7401_cov_70.573730	7401	0.4114	0	70.5737	no-hit	0.0	0
NODE_7140_length_7381_cov_85.836254	7381	0.4708	0	85.8363	Mollusca	272.0	0
NODE_7192_length_7360_cov_74.510916	7360	0.4633	0	74.5109	no-hit	0.0	0
NODE_7383_length_7298_cov_63.099294	7298	0.4442	0	63.0993	Arthropoda	375.0	0
NODE_7715_length_7199_cov_73.458017	7199	0.4635	0	73.458	no-hit	0.0	0
NODE_7756_length_7183_cov_120.420208	7183	0.4493	0	120.4202	no-hit	0.0	0
NODE_7759_length_7182_cov_59.900493	7182	0.4021	0	59.9005	no-hit	0.0	0
NODE_7841_length_7160_cov_81.738105	7160	0.4049	0	81.7381	no-hit	0.0	0
NODE_7910_length_7139_cov_63.434155	7139	0.4396	0	63.4342	no-hit	0.0	0
NODE_7920_length_7136_cov_70.076640	7136	0.4503	0	70.0766	no-hit	0.0	0
NODE_8737_length_6907_cov_65.071010	6907	0.4409	0	65.071	Chordata	407.0	0
NODE_8925_length_6853_cov_161.452037	6853	0.4062	0	161.452	no-hit	0.0	0
NODE_8968_length_6841_cov_53.907008	6841	0.4096	0	53.907	no-hit	0.0	0
NODE_9048_length_6819_cov_72.455948	6819	0.4297	0	72.4559	no-hit	0.0	0
NODE_9184_length_6782_cov_63.954512	6782	0.449	0	63.9545	no-hit	0.0	0
NODE_9259_length_6759_cov_62.745884	6759	0.4194	0	62.7459	no-hit	0.0	0
NODE_9270_length_6755_cov_69.940701	6755	0.4373	0	69.9407	no-hit	0.0	0
NODE_9438_length_6713_cov_49.963834	6713	0.4059	0	49.9638	no-hit	0.0	0
NODE_9837_length_6618_cov_68.652958	6618	0.4217	0	68.653	Arthropoda	152.0	0
NODE_9962_length_6590_cov_72.051589	6590	0.4423	0	72.0516	no-hit	0.0	0
NODE_10317_length_6511_cov_66.520827	6511	0.4096	0	66.5208	no-hit	0.0	0
NODE_10319_length_6510_cov_65.961293	6510	0.4493	0	65.9613	no-hit	0.0	0
NODE_10570_length_6449_cov_71.554928	6449	0.4698	0	71.5549	no-hit	0.0	0
NODE_11433_length_6268_cov_57.162332	6268	0.4512	0	57.1623	no-hit	0.0	0
NODE_11820_length_6199_cov_57.914244	6199	0.4185	0	57.9142	no-hit	0.0	0
NODE_11831_length_6197_cov_61.700327	6197	0.447	0	61.7003	no-hit	0.0	0
NODE_11962_length_6173_cov_62.045440	6173	0.4115	0	62.0454	no-hit	0.0	0
NODE_11997_length_6167_cov_80.116256	6167	0.4276	0	80.1163	no-hit	0.0	0
NODE_12162_length_6138_cov_62.202772	6138	0.4084	0	62.2028	no-hit	0.0	0
NODE_12257_length_6121_cov_73.192422	6121	0.399	0	73.1924	no-hit	0.0	0
NODE_12376_length_6101_cov_63.597112	6101	0.4322	0	63.5971	no-hit	0.0	0
NODE_12993_length_5995_cov_78.695336	5995	0.4025	0	78.6953	no-hit	0.0	0
NODE_13663_length_5887_cov_64.879690	5887	0.4225	0	64.8797	Arthropoda	174.0	0
NODE_13696_length_5881_cov_66.177464	5881	0.4224	0	66.1775	no-hit	0.0	0
NODE_13701_length_5880_cov_69.215233	5880	0.4202	0	69.2152	no-hit	0.0	0
NODE_13810_length_5862_cov_78.704754	5862	0.455	0	78.7048	no-hit	0.0	0
NODE_14011_length_5830_cov_64.822701	5830	0.4729	0	64.8227	no-hit	0.0	0
NODE_14225_length_5800_cov_62.075485	5800	0.4429	0	62.0755	no-hit	0.0	0
NODE_14331_length_5784_cov_55.620116	5784	0.4108	0	55.6201	no-hit	0.0	0
NODE_14464_length_5765_cov_62.591772	5765	0.416	0	62.5918	no-hit	0.0	0
NODE_14494_length_5761_cov_60.827058	5761	0.3956	0	60.8271	no-hit	0.0	0
NODE_14568_length_5749_cov_70.415374	5749	0.4048	0	70.4154	no-hit	0.0	0
NODE_14656_length_5737_cov_65.150883	5737	0.4351	0	65.1509	no-hit	0.0	0
NODE_15303_length_5642_cov_71.026415	5642	0.4573	0	71.0264	no-hit	0.0	0
NODE_15505_length_5616_cov_73.098032	5616	0.4323	0	73.098	no-hit	0.0	0
NODE_16392_length_5495_cov_85.145072	5495	0.4353	0	85.1451	no-hit	0.0	0
NODE_16448_length_5488_cov_68.923120	5488	0.4585	0	68.9231	no-hit	0.0	0
NODE_16554_length_5474_cov_83.417269	5474	0.4258	0	83.4173	no-hit	0.0	0
NODE_16655_length_5463_cov_69.503528	5463	0.4049	0	69.5035	no-hit	0.0	0
NODE_17683_length_5340_cov_66.934448	5340	0.4006	0	66.9344	no-hit	0.0	0
NODE_18305_length_5266_cov_63.978994	5266	0.4212	0	63.979	no-hit	0.0	0
NODE_18415_length_5253_cov_69.795015	5253	0.4457	0	69.795	no-hit	0.0	0
NODE_18669_length_5226_cov_63.014372	5226	0.4015	0	63.0144	no-hit	0.0	0
NODE_19032_length_5186_cov_65.757291	5186	0.4285	0	65.7573	no-hit	0.0	0
NODE_19055_length_5183_cov_61.240306	5183	0.4208	0	61.2403	no-hit	0.0	0
NODE_19166_length_5172_cov_60.860648	5172	0.4488	0	60.8606	no-hit	0.0	0
NODE_21353_length_4954_cov_68.969859	4954	0.4005	0	68.9699	no-hit	0.0	0
NODE_21905_length_4903_cov_63.611065	4903	0.4151	0	63.6111	no-hit	0.0	0
NODE_22635_length_4840_cov_69.276926	4840	0.4138	0	69.2769	no-hit	0.0	0
NODE_22674_length_4836_cov_72.167892	4836	0.4433	0	72.1679	no-hit	0.0	0
NODE_23006_length_4806_cov_51.231761	4806	0.4324	0	51.2318	no-hit	0.0	0
NODE_23209_length_4790_cov_63.962232	4790	0.4061	0	63.9622	no-hit	0.0	0
NODE_23453_length_4767_cov_57.097015	4767	0.4256	0	57.097	no-hit	0.0	0
NODE_24280_length_4697_cov_67.468831	4697	0.4609	0	67.4688	no-hit	0.0	0
NODE_24938_length_4645_cov_72.520797	4645	0.4398	0	72.5208	no-hit	0.0	0
NODE_24952_length_4644_cov_58.176483	4644	0.4268	0	58.1765	Arthropoda	233.0	0
NODE_25799_length_4579_cov_62.731453	4579	0.4427	0	62.7315	no-hit	0.0	0
NODE_25835_length_4576_cov_116.933763	4576	0.4244	0	116.9338	no-hit	0.0	0
NODE_26469_length_4531_cov_72.649978	4531	0.4535	0	72.65	Basidiomycota	206.0	0
NODE_27467_length_4460_cov_44.020078	4460	0.4585	0	44.0201	Chordata	865.0	0
NODE_30577_length_4247_cov_51.964269	4247	0.3968	0	51.9643	no-hit	0.0	0
NODE_34188_length_4038_cov_82.480434	4038	0.4492	0	82.4804	no-hit	0.0	0
NODE_35167_length_3986_cov_71.990790	3986	0.4789	0	71.9908	no-hit	0.0	0
NODE_35658_length_3962_cov_80.871557	3962	0.4427	0	80.8716	no-hit	0.0	0
NODE_35797_length_3955_cov_80.674832	3955	0.4389	0	80.6748	no-hit	0.0	0
NODE_37389_length_3875_cov_65.422591	3875	0.3757	0	65.4226	no-hit	0.0	0
NODE_43099_length_3611_cov_75.239106	3611	0.4686	0	75.2391	no-hit	0.0	0
NODE_43720_length_3584_cov_52.964357	3584	0.4581	0	52.9644	no-hit	0.0	0
NODE_44833_length_3537_cov_61.389306	3537	0.4037	0	61.3893	no-hit	0.0	0
NODE_44934_length_3533_cov_54.978588	3533	0.4149	0	54.9786	no-hit	0.0	0
NODE_46199_length_3482_cov_64.662261	3482	0.4075	0	64.6623	no-hit	0.0	0
NODE_54690_length_3180_cov_61.973574	3180	0.4142	0	61.9736	no-hit	0.0	0
NODE_55984_length_3139_cov_68.437622	3139	0.4779	0	68.4376	no-hit	0.0	0
NODE_60850_length_2989_cov_70.472184	2989	0.4757	0	70.4722	no-hit	0.0	0
NODE_62703_length_2935_cov_57.327852	2935	0.4048	0	57.3279	no-hit	0.0	0
NODE_66473_length_2835_cov_66.054025	2835	0.4353	0	66.054	no-hit	0.0	0
NODE_69618_length_2754_cov_78.590213	2754	0.4644	0	78.5902	Arthropoda	641.0	0
NODE_71568_length_2705_cov_62.081050	2705	0.4377	0	62.081	no-hit	0.0	0
NODE_79186_length_2534_cov_69.647945	2534	0.4337	0	69.6479	Chordata	209.0	0
NODE_80473_length_2507_cov_71.392593	2507	0.4559	0	71.3926	no-hit	0.0	0
NODE_81997_length_2476_cov_57.026678	2476	0.4168	0	57.0267	no-hit	0.0	0
NODE_82246_length_2471_cov_66.934002	2471	0.4257	0	66.934	no-hit	0.0	0
NODE_93151_length_2259_cov_55.082493	2259	0.4219	0	55.0825	no-hit	0.0	0
NODE_100187_length_2139_cov_57.981571	2139	0.417	0	57.9816	no-hit	0.0	0
NODE_100500_length_2134_cov_72.639281	2134	0.4096	0	72.6393	no-hit	0.0	0
NODE_108260_length_2011_cov_116.040331	2011	0.4053	0	116.0403	no-hit	0.0	0
NODE_109005_length_2000_cov_78.589184	2000	0.467	0	78.5892	no-hit	0.0	0
NODE_115371_length_1906_cov_82.528704	1906	0.4816	0	82.5287	no-hit	0.0	0
NODE_126213_length_1759_cov_54.340666	1759	0.4241	0	54.3407	no-hit	0.0	0
NODE_133427_length_1669_cov_56.694724	1669	0.4062	0	56.6947	no-hit	0.0	0
NODE_161057_length_1369_cov_88.299536	1369	0.4624	0	88.2995	no-hit	0.0	0
NODE_197618_length_1057_cov_71.121429	1057	0.4437	0	71.1214	no-hit	0.0	0
NODE_20_length_76873_cov_5.638132	76873	0.6355	0	5.6381	Proteobacteria	18727.0	0
NODE_548_length_18775_cov_11.831854	18775	0.3799	0	11.8319	Chordata	4361.0	0
NODE_933_length_15255_cov_5.912373	15255	0.6881	0	5.9124	Proteobacteria	11230.0	0
NODE_1296_length_13466_cov_5.594443	13466	0.4153	0	5.5944	Chordata	5192.0	0
NODE_1571_length_12427_cov_5.600324	12427	0.4069	0	5.6003	Chordata	5614.0	0
NODE_1936_length_11517_cov_8.462500	11517	0.4419	10	8.4625	Chordata	1279.0	0
NODE_2298_length_10867_cov_15.334662	10867	0.3979	0	15.3347	Chordata	1229.0	0
NODE_2506_length_10545_cov_6.995510	10545	0.4242	30	6.9955	Chordata	676.0	0
NODE_2824_length_10116_cov_7.678753	10116	0.4017	20	7.6788	Chordata	946.0	0
NODE_3125_length_9773_cov_5.469781	9773	0.462	0	5.4698	Chordata	3565.0	0
NODE_3405_length_9516_cov_8.264965	9516	0.422	0	8.265	Chordata	928.0	0
NODE_3874_length_9109_cov_16.444752	9109	0.4718	0	16.4448	Chordata	2178.0	0
NODE_4253_length_8830_cov_6.130127	8830	0.4324	0	6.1301	Chordata	3576.0	0
NODE_4649_length_8554_cov_13.059101	8554	0.5006	0	13.0591	Chordata	9779.0	0
NODE_5022_length_8313_cov_5.282176	8313	0.4036	0	5.2822	Chordata	1544.0	0
NODE_5525_length_8057_cov_13.507769	8057	0.4069	10	13.5078	Chordata	950.0	0
NODE_5916_length_7882_cov_6.055221	7882	0.3871	0	6.0552	Chordata	1504.0	0
NODE_6334_length_7686_cov_19.067683	7686	0.4578	0	19.0677	Chordata	10067.0	0
NODE_6943_length_7451_cov_7.994847	7451	0.4189	0	7.9948	Chordata	5382.0	0
NODE_7473_length_7272_cov_5.022655	7272	0.4411	0	5.0227	Chordata	11265.0	0
NODE_7969_length_7117_cov_9.799574	7117	0.3993	0	9.7996	Chordata	2340.0	0
NODE_8284_length_7029_cov_15.788119	7029	0.4177	0	15.7881	Chordata	612.0	0
NODE_8697_length_6916_cov_6.946776	6916	0.3863	20	6.9468	Chordata	388.0	0
NODE_9241_length_6763_cov_6.403231	6763	0.4046	0	6.4032	Chordata	937.0	0
NODE_9519_length_6697_cov_16.776586	6697	0.4144	10	16.7766	Chordata	385.0	0
NODE_10101_length_6559_cov_6.853595	6559	0.4245	10	6.8536	Chordata	4314.0	0
NODE_10614_length_6439_cov_5.656869	6439	0.4159	0	5.6569	Chordata	440.0	0
NODE_11252_length_6303_cov_11.142467	6303	0.4206	0	11.1425	Chordata	420.0	0
NODE_11795_length_6203_cov_6.752367	6203	0.4432	41	6.7524	Chordata	4145.0	0
NODE_12393_length_6096_cov_5.645788	6096	0.3647	0	5.6458	Chordata	1844.0	0
NODE_13160_length_5966_cov_5.323824	5966	0.4128	0	5.3238	Chordata	1175.0	0
NODE_13788_length_5865_cov_7.330339	5865	0.4073	32	7.3303	Chordata	1552.0	0
NODE_14251_length_5797_cov_6.620455	5797	0.4394	0	6.6205	Chordata	1170.0	0
NODE_15245_length_5649_cov_14.447954	5649	0.4381	0	14.448	Chordata	298.0	0
NODE_15916_length_5557_cov_8.166423	5557	0.3414	0	8.1664	Chordata	514.0	0
NODE_16556_length_5474_cov_17.922920	5474	0.382	0	17.9229	Chordata	1005.0	0
NODE_17213_length_5395_cov_5.870064	5395	0.3765	0	5.8701	Chordata	1528.0	0
NODE_18008_length_5300_cov_8.457017	5300	0.4391	0	8.457	Chordata	3352.0	0
NODE_18783_length_5212_cov_6.589094	5212	0.3958	0	6.5891	Chordata	1247.0	0
NODE_19587_length_5125_cov_8.537242	5125	0.4289	0	8.5372	Chordata	1522.0	0
NODE_20023_length_5079_cov_6.843463	5079	0.4036	0	6.8435	Chordata	1280.0	0
NODE_20907_length_4993_cov_8.105980	4993	0.3938	0	8.106	no-hit	0.0	0
NODE_21366_length_4953_cov_5.850902	4953	0.3979	10	5.8509	Chordata	800.0	0
NODE_22176_length_4880_cov_16.854466	4880	0.3777	0	16.8545	Chordata	1567.0	0
NODE_23049_length_4803_cov_5.558824	4803	0.3631	0	5.5588	Chordata	931.0	0
NODE_24008_length_4721_cov_9.084841	4721	0.4385	0	9.0848	Chordata	599.0	0
NODE_24732_length_4659_cov_5.247272	4659	0.3797	10	5.2473	Chordata	1459.0	0
NODE_25635_length_4594_cov_12.989595	4594	0.4068	0	12.9896	Chordata	342.0	0
NODE_26200_length_4549_cov_17.192308	4549	0.4654	0	17.1923	Chordata	5526.0	0
NODE_27681_length_4444_cov_14.144722	4444	0.4256	10	14.1447	Chordata	1917.0	0
NODE_28954_length_4356_cov_7.343772	4356	0.4456	0	7.3438	Chordata	806.0	0
NODE_30161_length_4275_cov_14.371844	4275	0.4349	0	14.3718	Chordata	1238.0	0
NODE_31090_length_4216_cov_5.733269	4216	0.3937	0	5.7333	Chordata	516.0	0
NODE_32085_length_4156_cov_19.745281	4156	0.3953	0	19.7453	Chordata	359.0	0
NODE_33031_length_4102_cov_5.780373	4102	0.459	0	5.7804	Chordata	444.0	0
NODE_34066_length_4045_cov_12.855091	4045	0.4284	0	12.8551	Chordata	484.0	0
NODE_35251_length_3982_cov_5.009731	3982	0.3538	0	5.0097	Chordata	671.0	0
NODE_36058_length_3942_cov_7.300647	3942	0.4779	0	7.3006	Chordata	2076.0	0
NODE_37108_length_3889_cov_5.145068	3889	0.4238	0	5.1451	Chordata	370.0	0
NODE_38404_length_3824_cov_7.951962	3824	0.3677	0	7.952	Chordata	1482.0	0
NODE_40083_length_3746_cov_12.075497	3746	0.3817	0	12.0755	Chordata	730.0	0
NODE_41024_length_3703_cov_14.955323	3703	0.3856	0	14.9553	Chordata	1476.0	0
NODE_42471_length_3640_cov_15.275610	3640	0.3731	0	15.2756	Chordata	231.0	0
NODE_43812_length_3580_cov_11.559235	3580	0.4221	0	11.5592	Chordata	499.0	0
NODE_45615_length_3505_cov_7.354726	3505	0.4542	0	7.3547	Chordata	2431.0	0
NODE_47155_length_3443_cov_5.064765	3443	0.3956	0	5.0648	Chordata	3264.0	0
NODE_48444_length_3393_cov_6.220145	3393	0.3843	0	6.2201	Chordata	311.0	0
NODE_50032_length_3334_cov_5.749463	3334	0.3652	10	5.7495	Chordata	623.0	0
NODE_51662_length_3277_cov_8.167188	3277	0.4328	10	8.1672	Chordata	1705.0	0
NODE_53913_length_3203_cov_6.369802	3203	0.4302	0	6.3698	no-hit	0.0	0
NODE_55348_length_3159_cov_5.233615	3159	0.4444	0	5.2336	Chordata	392.0	0
NODE_56417_length_3125_cov_5.621719	3125	0.3965	0	5.6217	Chordata	359.0	0
NODE_57506_length_3090_cov_7.833057	3090	0.4097	0	7.8331	Chordata	346.0	0
NODE_59412_length_3034_cov_5.492391	3034	0.5092	0	5.4924	Chordata	1290.0	0
NODE_61279_length_2977_cov_5.396897	2977	0.3846	0	5.3969	Chordata	268.0	0
NODE_63456_length_2915_cov_8.161029	2915	0.4072	0	8.161	Chordata	335.0	0
NODE_65463_length_2861_cov_6.223420	2861	0.3859	0	6.2234	Chordata	747.0	0
NODE_67699_length_2804_cov_11.232123	2804	0.5296	0	11.2321	no-hit	0.0	0
NODE_69457_length_2759_cov_5.249441	2759	0.39	0	5.2494	Chordata	536.0	0
NODE_71933_length_2696_cov_10.518137	2696	0.3969	0	10.5181	Chordata	647.0	0
NODE_74226_length_2643_cov_7.597038	2643	0.4154	0	7.597	Chordata	1271.0	0
NODE_75424_length_2617_cov_18.800000	2617	0.3542	0	18.8	Chordata	2586.0	0
NODE_77365_length_2573_cov_14.342548	2573	0.4691	0	14.3425	Chordata	370.0	0
NODE_80286_length_2511_cov_15.608874	2511	0.3931	0	15.6089	Chordata	632.0	0
NODE_82088_length_2474_cov_18.736337	2474	0.4253	139	18.7363	Chordata	959.0	0
NODE_85006_length_2415_cov_16.970060	2415	0.3644	0	16.9701	Chordata	566.0	0
NODE_86900_length_2379_cov_13.592963	2379	0.3901	0	13.593	Chordata	503.0	0
NODE_89255_length_2333_cov_5.922872	2333	0.4085	0	5.9229	Chordata	422.0	0
NODE_92069_length_2279_cov_9.249319	2279	0.4458	0	9.2493	Chordata	2638.0	0
NODE_95045_length_2226_cov_5.500233	2226	0.3751	0	5.5002	Chordata	346.0	0
NODE_98662_length_2164_cov_17.820316	2164	0.3641	0	17.8203	Chordata	302.0	0
NODE_100921_length_2127_cov_9.002439	2127	0.4203	0	9.0024	no-hit	0.0	0
NODE_103198_length_2091_cov_14.429990	2091	0.3592	0	14.43	Chordata	1369.0	0
NODE_105462_length_2055_cov_8.783620	2055	0.4277	0	8.7836	Chordata	822.0	0
NODE_109371_length_1994_cov_11.549296	1994	0.3661	0	11.5493	Chordata	627.0	0
NODE_112447_length_1950_cov_7.721303	1950	0.3744	0	7.7213	Chordata	1788.0	0
NODE_114399_length_1920_cov_7.967987	1920	0.3839	0	7.968	Chordata	1653.0	0
NODE_117727_length_1873_cov_5.033408	1873	0.4383	0	5.0334	Chordata	1206.0	0
NODE_120956_length_1828_cov_7.836665	1828	0.5421	0	7.8367	Chordata	664.0	0
NODE_123946_length_1789_cov_11.863902	1789	0.4036	0	11.8639	Chordata	407.0	0
NODE_128081_length_1735_cov_12.788299	1735	0.4104	0	12.7883	Chordata	483.0	0
NODE_130550_length_1704_cov_6.473264	1704	0.4032	0	6.4733	Chordata	444.0	0
NODE_133104_length_1673_cov_11.516917	1673	0.37	0	11.5169	Chordata	422.0	0
NODE_136089_length_1637_cov_5.556410	1637	0.4178	0	5.5564	no-hit	0.0	0
NODE_138149_length_1613_cov_8.292969	1613	0.4005	0	8.293	no-hit	0.0	0
NODE_140542_length_1584_cov_6.276045	1584	0.4476	0	6.276	no-hit	0.0	0
NODE_142955_length_1557_cov_7.899324	1557	0.4258	0	7.8993	Chordata	298.0	0
NODE_145306_length_1531_cov_10.389959	1531	0.5225	0	10.39	Chordata	279.0	0
NODE_148350_length_1499_cov_5.984529	1499	0.4003	0	5.9845	Chordata	1842.0	0
NODE_150900_length_1472_cov_5.122581	1472	0.3628	0	5.1226	Chordata	246.0	0
NODE_154364_length_1436_cov_16.749080	1436	0.3614	0	16.7491	Chordata	272.0	0
NODE_156883_length_1410_cov_5.353338	1410	0.4121	0	5.3533	Chordata	636.0	0
NODE_159952_length_1380_cov_8.504988	1380	0.3906	0	8.505	no-hit	0.0	0
NODE_161568_length_1364_cov_5.710956	1364	0.4699	0	5.711	no-hit	0.0	0
NODE_163568_length_1345_cov_13.197161	1345	0.5019	0	13.1972	Chordata	294.0	0
NODE_166150_length_1320_cov_15.917940	1320	0.4114	0	15.9179	no-hit	0.0	0
NODE_168366_length_1300_cov_7.907604	1300	0.3992	0	7.9076	Chordata	285.0	0
NODE_171677_length_1270_cov_9.116513	1270	0.3913	0	9.1165	Chordata	2346.0	0
NODE_173693_length_1252_cov_5.902979	1252	0.5447	0	5.903	Proteobacteria	204.0	0
NODE_175922_length_1232_cov_8.162771	1232	0.3369	0	8.1628	Chordata	135.0	0
NODE_178022_length_1214_cov_10.176781	1214	0.3526	0	10.1768	Chordata	230.0	0
NODE_180943_length_1189_cov_6.510791	1189	0.4331	0	6.5108	Chordata	1528.0	0
NODE_183195_length_1170_cov_6.650503	1170	0.3701	0	6.6505	no-hit	0.0	0
NODE_185146_length_1154_cov_5.437326	1154	0.4419	0	5.4373	Chordata	619.0	0
NODE_187573_length_1134_cov_6.668874	1134	0.3889	0	6.6689	Chordata	289.0	0
NODE_190467_length_1111_cov_5.612186	1111	0.4185	0	5.6122	no-hit	0.0	0
NODE_192298_length_1097_cov_6.597059	1097	0.3737	0	6.5971	Chordata	920.0	0
NODE_194373_length_1081_cov_18.094622	1081	0.4181	0	18.0946	no-hit	0.0	0
NODE_197103_length_1061_cov_12.710366	1061	0.3582	0	12.7104	Chordata	479.0	0
NODE_198961_length_1047_cov_8.361856	1047	0.3677	0	8.3619	no-hit	0.0	0
NODE_201975_length_1025_cov_7.465190	1025	0.4254	0	7.4652	Chordata	462.0	0
NODE_205320_length_1001_cov_15.424242	1001	0.4006	0	15.4242	no-hit	0.0	0
NODE_208009_length_982_cov_19.612155	982	0.3798	0	19.6122	no-hit	0.0	0
NODE_210045_length_968_cov_13.634119	968	0.4008	0	13.6341	no-hit	0.0	0
NODE_212455_length_952_cov_5.795429	952	0.4685	0	5.7954	Chordata	344.0	0
NODE_214768_length_936_cov_5.286380	936	0.4028	0	5.2864	Chordata	941.0	0
NODE_216098_length_927_cov_5.330588	927	0.4768	0	5.3306	Chordata	291.0	0
NODE_217918_length_915_cov_18.157518	915	0.3967	0	18.1575	no-hit	0.0	0
NODE_221021_length_895_cov_18.860636	895	0.3486	0	18.8606	no-hit	0.0	0
NODE_225702_length_865_cov_12.614213	865	0.4324	0	12.6142	no-hit	0.0	0
NODE_229811_length_836_cov_14.823452	836	0.5849	0	14.8235	Chordata	920.0	0
NODE_251753_length_671_cov_9.789562	671	0.5306	0	9.7896	Chordata	865.0	0
NODE_263324_length_594_cov_7.361702	594	0.4276	0	7.3617	Chordata	147.0	0
NODE_274832_length_526_cov_5.204900	526	0.403	0	5.2049	no-hit	0.0	0