NODE_22_length_68392_cov_74.446373	8218	313	NODE_22_length_68392_cov_74.446373	XM_034231701.1	77.589	531	109	10	34439	34964	7263	6738	1.65e-78
NODE_248_length_25415_cov_91.084142	7176	220	NODE_248_length_25415_cov_91.084142	XM_038264611.1	75.877	456	96	9	16032	16480	1040	592	3.81e-51
NODE_9837_length_6618_cov_68.652958	256737	152	NODE_9837_length_6618_cov_68.652958	HQ005800.1	80.711	197	36	2	5703	5897	82	278	3.66e-31
NODE_933_length_15255_cov_5.912373	2562582	11230	NODE_933_length_15255_cov_5.912373	CP039382.1	88.517	9327	1005	47	1	9293	1097943	1107237	0.0
NODE_10101_length_6559_cov_6.853595	8154	4314	NODE_10101_length_6559_cov_6.853595	XM_026163619.1	98.220	2472	37	2	1	2471	97	2562	0.0
NODE_20023_length_5079_cov_6.843463	8153	1280	NODE_20023_length_5079_cov_6.843463	XM_014329799.1	93.218	870	59	0	4210	5079	1	870	0.0
NODE_45615_length_3505_cov_7.354726	8154	2431	NODE_45615_length_3505_cov_7.354726	XM_026154206.1	92.623	1708	98	12	1716	3403	7419	9118	0.0
NODE_86900_length_2379_cov_13.592963	70784	503	NODE_86900_length_2379_cov_13.592963	AB016549.1	95.833	312	12	1	1207	1517	8	319	3.12e-137
NODE_114399_length_1920_cov_7.967987	43689	1653	NODE_114399_length_1920_cov_7.967987	XM_040037037.1	91.885	1183	96	0	738	1920	135	1317	0.0
NODE_173693_length_1252_cov_5.902979	2813778	204	NODE_173693_length_1252_cov_5.902979	CP070968.1	94.030	134	8	0	1	134	2965185	2965318	1.84e-47
NODE_220_length_26509_cov_78.429517	6182	508	NODE_220_length_26509_cov_78.429517	FN317165.1	75.112	1113	264	12	21497	22602	68	1174	7.58e-138
NODE_340_length_22460_cov_99.672787	7266	226	NODE_340_length_22460_cov_99.672787	XM_034285294.1	76.606	436	86	12	13574	14001	499	926	7.24e-53
NODE_5525_length_8057_cov_13.507769	8128	950	NODE_5525_length_8057_cov_13.507769	AF097735.1	96.082	587	16	7	3694	4278	43	624	0.0
NODE_27681_length_4444_cov_14.144722	8128	1917	NODE_27681_length_4444_cov_14.144722	XR_265790.4	97.681	1121	16	2	930	2050	1243	133	0.0
NODE_74226_length_2643_cov_7.597038	47969	1271	NODE_74226_length_2643_cov_7.597038	XM_031755106.2	88.412	1096	73	25	129	1181	2848	3932	0.0
NODE_78_length_36923_cov_77.118547	6941	270	NODE_78_length_36923_cov_77.118547	XM_037412691.1	84.420	276	41	2	6402	6676	1065	791	5.43e-66
NODE_419_length_20685_cov_76.588267	1257118	303	NODE_419_length_20685_cov_76.588267	XM_004348456.1	73.476	886	201	30	7345	8213	1049	181	3.00e-76
NODE_4890_length_8401_cov_64.288323	609295	438	NODE_4890_length_8401_cov_64.288323	XM_014611791.1	77.297	762	162	10	1420	2176	1355	600	3.19e-117
NODE_27467_length_4460_cov_44.020078	106582	865	NODE_27467_length_4460_cov_44.020078	XM_004568140.1	90.427	679	33	12	3784	4460	1326	1974	0.0
NODE_1571_length_12427_cov_5.600324	8154	5614	NODE_1571_length_12427_cov_5.600324	XR_003271216.1	97.199	3320	92	1	5332	8651	1	3319	0.0
NODE_5022_length_8313_cov_5.282176	8128	1544	NODE_5022_length_8313_cov_5.282176	XM_025902917.1	90.317	1198	88	11	4384	5579	434	1605	0.0
NODE_15245_length_5649_cov_14.447954	27687	298	NODE_15245_length_5649_cov_14.447954	LR536449.1	97.688	173	4	0	1	173	73454718	73454890	3.79e-75
NODE_37108_length_3889_cov_5.145068	287480	370	NODE_37108_length_3889_cov_5.145068	AB670628.1	91.039	279	17	3	2837	3108	157	434	5.43e-97
NODE_57506_length_3090_cov_7.833057	27687	346	NODE_57506_length_3090_cov_7.833057	LR536449.1	81.420	479	39	16	182	610	19581520	19581998	7.26e-90
NODE_130550_length_1704_cov_6.473264	8128	444	NODE_130550_length_1704_cov_6.473264	AB649033.1	96.296	270	10	0	1435	1704	35416	35685	1.37e-119
NODE_154364_length_1436_cov_16.749080	32507	272	NODE_154364_length_1436_cov_16.749080	XM_035908133.1	98.693	153	2	0	1284	1436	1736	1888	5.73e-68
NODE_201975_length_1025_cov_7.465190	8154	462	NODE_201975_length_1025_cov_7.465190	XM_026188323.1	98.113	265	5	0	745	1009	1	265	2.24e-125
NODE_200_length_27353_cov_69.057596	30538	147	NODE_200_length_27353_cov_69.057596	XM_015240344.2	78.761	226	42	5	19629	19851	735	957	7.07e-29
NODE_324_length_22821_cov_63.421782	59472	172	NODE_324_length_22821_cov_63.421782	XM_036420992.1	78.682	258	55	0	20140	20397	1377	1634	9.72e-37
NODE_773_length_16524_cov_98.778075	30033	191	NODE_773_length_16524_cov_98.778075	XM_017177027.2	82.511	223	33	4	8073	8292	919	1138	1.94e-42
NODE_899_length_15491_cov_96.037888	7159	147	NODE_899_length_15491_cov_96.037888	XM_001655348.2	79.812	213	33	10	7261	7468	2099	2306	4.00e-29
NODE_69618_length_2754_cov_78.590213	41117	641	NODE_69618_length_2754_cov_78.590213	XM_037233159.1	78.689	976	198	10	375	1345	3587	2617	7.36e-179
NODE_3405_length_9516_cov_8.264965	8128	928	NODE_3405_length_9516_cov_8.264965	XR_003217813.1	92.171	677	22	4	2205	2856	671	1	0.0
NODE_21366_length_4953_cov_5.850902	47969	800	NODE_21366_length_4953_cov_5.850902	XM_031736065.2	98.253	458	7	1	1070	1527	457	1	0.0
NODE_36058_length_3942_cov_7.300647	8153	2076	NODE_36058_length_3942_cov_7.300647	XM_014341280.1	94.652	1365	29	13	1254	2588	1351	1	0.0
NODE_50032_length_3334_cov_5.749463	257977	623	NODE_50032_length_3334_cov_5.749463	AB780555.1	95.396	391	18	0	1995	2385	120171	119781	3.23e-173
NODE_112447_length_1950_cov_7.721303	257977	1788	NODE_112447_length_1950_cov_7.721303	AB780550.1	87.392	1626	120	41	116	1677	99589	97985	0.0
NODE_156883_length_1410_cov_5.353338	8128	636	NODE_156883_length_1410_cov_5.353338	XM_025911182.1	86.555	595	59	9	777	1353	578	1169	1.73e-177
NODE_775_length_16509_cov_82.806779	400727	508	NODE_775_length_16509_cov_82.806779	XM_025236254.1	71.332	2222	565	59	2547	4732	5312	7497	4.72e-138
NODE_1235_length_13721_cov_61.498461	6769	957	NODE_1235_length_13721_cov_61.498461	MK372513.1	76.206	1845	419	20	7900	9734	1835	1	0.0
NODE_13663_length_5887_cov_64.879690	29058	174	NODE_13663_length_5887_cov_64.879690	XM_021339926.1	78.369	282	52	9	2937	3213	600	323	6.94e-38
NODE_10614_length_6439_cov_5.656869	257977	440	NODE_10614_length_6439_cov_5.656869	AB780550.1	88.021	384	31	7	1	373	133079	133458	6.79e-118
NODE_11795_length_6203_cov_6.752367	43689	4145	NODE_11795_length_6203_cov_6.752367	XM_040041159.1	99.090	2308	19	1	3896	6203	552	2857	0.0
NODE_42471_length_3640_cov_15.275610	390379	231	NODE_42471_length_3640_cov_15.275610	LR722984.1	84.681	235	33	3	135	367	16608560	16608793	2.50e-55
NODE_56417_length_3125_cov_5.621719	8128	359	NODE_56417_length_3125_cov_5.621719	AB649031.1	95.575	226	7	2	861	1083	208399	208624	9.43e-94
NODE_89255_length_2333_cov_5.922872	113540	422	NODE_89255_length_2333_cov_5.922872	LR584082.1	79.206	630	114	13	1380	1998	2429697	2430320	8.82e-113
NODE_197103_length_1061_cov_12.710366	8128	479	NODE_197103_length_1061_cov_12.710366	XM_019347863.2	97.834	277	6	0	1	277	865	589	2.30e-130
NODE_40_length_45336_cov_75.958992	45264	364	NODE_40_length_45336_cov_75.958992	XM_029328534.1	82.651	415	68	4	21998	22410	231	643	2.97e-94
NODE_283_length_24372_cov_127.124964	334116	394	NODE_283_length_24372_cov_127.124964	XM_026643231.1	77.188	697	146	12	9414	10103	1123	433	2.04e-103
NODE_470_length_19802_cov_75.814956	43150	488	NODE_470_length_19802_cov_75.814956	XM_040054367.1	74.033	1267	297	31	5355	6605	1633	383	7.37e-132
NODE_632_length_17885_cov_63.838780	30611	154	NODE_632_length_17885_cov_63.838780	XM_003797948.3	79.279	222	44	2	4184	4404	731	951	2.76e-31
NODE_3987_length_9016_cov_77.228437	203782	180	NODE_3987_length_9016_cov_77.228437	LR994582.1	92.742	124	9	0	6566	6689	649724	649847	2.29e-39
NODE_9519_length_6697_cov_16.776586	8154	385	NODE_9519_length_6697_cov_16.776586	XM_026158079.1	99.526	211	1	0	5959	6169	1176	1386	3.35e-101
NODE_11252_length_6303_cov_11.142467	315492	420	NODE_11252_length_6303_cov_11.142467	CP032598.1	80.132	604	86	20	5678	6261	6269006	6269595	8.65e-112
NODE_28954_length_4356_cov_7.343772	43689	806	NODE_28954_length_4356_cov_7.343772	XM_040044742.1	96.881	481	15	0	1469	1949	1	481	0.0
NODE_71933_length_2696_cov_10.518137	8128	647	NODE_71933_length_2696_cov_10.518137	AB649031.1	84.314	714	56	19	1114	1813	140321	139650	1.55e-180
NODE_105462_length_2055_cov_8.783620	105023	822	NODE_105462_length_2055_cov_8.783620	XM_015954057.1	88.563	682	72	2	1	676	1491	810	0.0
NODE_91_length_35176_cov_68.520300	1094192	342	NODE_91_length_35176_cov_68.520300	XM_038136788.1	73.197	1026	243	29	18586	19595	1198	189	1.08e-87
NODE_250_length_25387_cov_63.782892	386614	200	NODE_250_length_25387_cov_63.782892	XM_033029304.1	79.310	290	56	4	5375	5663	159	445	4.96e-45
NODE_708_length_17180_cov_70.426767	386614	171	NODE_708_length_17180_cov_70.426767	XM_033023378.1	75.964	337	77	4	869	1203	1275	941	2.63e-36
NODE_1279_length_13536_cov_70.022661	8005	171	NODE_1279_length_13536_cov_70.022661	XM_027028821.2	80.702	228	36	6	12911	13134	1763	1540	2.07e-36
NODE_2568_length_10454_cov_60.973885	210632	440	NODE_2568_length_10454_cov_60.973885	LR131970.1	80.325	615	93	21	9702	10302	8839807	8840407	1.10e-117
NODE_6334_length_7686_cov_19.067683	47969	10067	NODE_6334_length_7686_cov_19.067683	XM_039622083.1	97.119	5970	166	2	1512	7475	5970	1	0.0
NODE_13160_length_5966_cov_5.323824	43689	1175	NODE_13160_length_5966_cov_5.323824	XM_040043040.1	95.200	750	24	4	1	739	1328	580	0.0
NODE_40083_length_3746_cov_12.075497	310571	730	NODE_40083_length_3746_cov_12.075497	XM_033644636.1	83.580	810	102	12	1240	2043	1343	559	0.0
NODE_85006_length_2415_cov_16.970060	8128	566	NODE_85006_length_2415_cov_16.970060	AH013711.2	85.059	589	50	22	1031	1593	140679	141255	3.99e-156
NODE_95045_length_2226_cov_5.500233	43689	346	NODE_95045_length_2226_cov_5.500233	XR_005694759.1	79.696	527	70	20	513	1008	1488	968	5.20e-90
NODE_168366_length_1300_cov_7.907604	32507	285	NODE_168366_length_1300_cov_7.907604	XM_006788576.2	100.000	154	0	0	193	346	514	361	6.65e-72
NODE_216098_length_927_cov_5.330588	8128	291	NODE_216098_length_927_cov_5.330588	AB649031.1	95.580	181	8	0	747	927	191227	191047	1.01e-73
NODE_65_length_38452_cov_67.054827	30732	145	NODE_65_length_38452_cov_67.054827	XM_024259509.2	83.333	156	26	0	2115	2270	2368	2213	3.57e-28
NODE_94_length_34700_cov_70.392514	7213	309	NODE_94_length_34700_cov_70.392514	XM_004525311.3	82.621	351	59	2	12573	12922	419	768	1.08e-77
NODE_323_length_22861_cov_76.706197	42434	1168	NODE_323_length_22861_cov_76.706197	XM_039584191.1	87.549	1012	122	4	20695	21704	290	1299	0.0
NODE_469_length_19821_cov_65.950719	8673	178	NODE_469_length_19821_cov_65.950719	XM_026715326.1	84.746	177	27	0	9739	9915	168	344	1.81e-38
NODE_636_length_17844_cov_66.578657	1477025	213	NODE_636_length_17844_cov_66.578657	XM_026477615.1	73.163	626	154	10	5102	5720	1759	1141	4.48e-49
NODE_1166_length_14080_cov_67.299079	8049	207	NODE_1166_length_14080_cov_67.299079	XM_030373922.1	70.367	1279	319	49	413	1664	3330	2085	1.64e-47
NODE_3072_length_9842_cov_64.244547	202097	283	NODE_3072_length_9842_cov_64.244547	LR023934.1	77.922	462	96	6	6016	6474	990	532	1.85e-70
NODE_6691_length_7544_cov_71.743538	7220	795	NODE_6691_length_7544_cov_71.743538	XM_015155526.2	79.417	1132	228	5	3521	4650	189	1317	0.0
NODE_26469_length_4531_cov_72.649978	280036	206	NODE_26469_length_4531_cov_72.649978	XM_029886410.1	73.806	607	121	33	2957	3544	787	1374	1.89e-47
NODE_1936_length_11517_cov_8.462500	8177	1279	NODE_1936_length_11517_cov_8.462500	LR884483.1	82.335	1619	149	77	2695	4221	13396233	13397806	0.0
NODE_7969_length_7117_cov_9.799574	8128	2340	NODE_7969_length_7117_cov_9.799574	XM_019360954.2	91.547	1739	86	17	249	1940	1799	75	0.0
NODE_12393_length_6096_cov_5.645788	8128	1844	NODE_12393_length_6096_cov_5.645788	XR_002062057.2	97.514	1086	14	3	3636	4712	366	1447	0.0
NODE_33031_length_4102_cov_5.780373	32507	444	NODE_33031_length_4102_cov_5.780373	XM_006810983.1	96.337	273	5	4	761	1031	61	330	3.33e-119
NODE_98662_length_2164_cov_17.820316	257977	302	NODE_98662_length_2164_cov_17.820316	AB780549.1	95.263	190	9	0	1975	2164	136989	137178	1.11e-76
NODE_89_length_35462_cov_85.283934	6183	231	NODE_89_length_35462_cov_85.283934	XM_018793334.1	74.681	549	125	13	18381	18922	735	194	2.46e-54
NODE_96_length_34233_cov_85.717883	202533	250	NODE_96_length_34233_cov_85.717883	XM_035363385.1	78.141	398	83	3	11589	11984	113	508	6.55e-60
NODE_216_length_26714_cov_73.083230	127582	226	NODE_216_length_26714_cov_73.083230	XM_004378435.2	78.717	343	69	4	25467	25807	4577	4237	8.62e-53
NODE_79186_length_2534_cov_69.647945	307959	209	NODE_79186_length_2534_cov_69.647945	XM_016564705.1	72.851	663	160	14	579	1228	1426	771	8.13e-49
NODE_1296_length_13466_cov_5.594443	8128	5192	NODE_1296_length_13466_cov_5.594443	XM_019351918.2	97.259	3065	80	4	7415	10477	539	3601	0.0
NODE_8697_length_6916_cov_6.946776	8154	388	NODE_8697_length_6916_cov_6.946776	XM_026183922.1	99.078	217	1	1	4269	4484	132	348	2.68e-102
NODE_13788_length_5865_cov_7.330339	47969	1552	NODE_13788_length_5865_cov_7.330339	XM_039602196.1	94.895	999	39	4	4867	5865	3151	4137	0.0
NODE_25635_length_4594_cov_12.989595	43689	342	NODE_25635_length_4594_cov_12.989595	XM_040037034.1	84.085	377	37	11	1897	2261	4867	4502	1.40e-88
NODE_120956_length_1828_cov_7.836665	8153	664	NODE_120956_length_1828_cov_7.836665	XM_005920249.2	88.153	574	46	9	54	627	981	430	0.0
NODE_192298_length_1097_cov_6.597059	8154	920	NODE_192298_length_1097_cov_6.597059	XM_026160911.1	93.871	620	22	7	481	1097	1153	1759	0.0
NODE_480_length_19652_cov_62.517752	3827	228	NODE_480_length_19652_cov_62.517752	CP039333.1	81.185	287	50	4	12768	13052	38964472	38964188	1.76e-53
NODE_1894_length_11597_cov_66.954774	33412	475	NODE_1894_length_11597_cov_66.954774	XM_038362309.1	82.332	549	95	2	1206	1753	669	122	3.36e-128
NODE_3874_length_9109_cov_16.444752	8153	2178	NODE_3874_length_9109_cov_16.444752	XM_005950762.1	96.728	1314	31	3	4346	5652	2132	824	0.0
NODE_15916_length_5557_cov_8.166423	47969	514	NODE_15916_length_5557_cov_8.166423	XM_039609753.1	93.605	344	22	0	4834	5177	126	469	3.40e-140
NODE_32085_length_4156_cov_19.745281	315492	359	NODE_32085_length_4156_cov_19.745281	CP032599.1	92.188	256	16	4	682	935	12571949	12572202	1.26e-93
NODE_55348_length_3159_cov_5.233615	210632	392	NODE_55348_length_3159_cov_5.233615	LR131961.1	87.826	345	28	6	1098	1432	23910979	23910639	9.40e-104
NODE_123946_length_1789_cov_11.863902	257977	407	NODE_123946_length_1789_cov_11.863902	AB601481.1	93.141	277	19	0	1	277	3338	3614	1.88e-108
NODE_148350_length_1499_cov_5.984529	8128	1842	NODE_148350_length_1499_cov_5.984529	XM_025904980.1	93.855	1253	28	10	1	1212	1359	2603	0.0
NODE_621_length_17978_cov_74.311994	41117	501	NODE_621_length_17978_cov_74.311994	XM_037238880.1	76.390	953	211	14	3331	4276	3069	2124	8.60e-136
NODE_20_length_76873_cov_5.638132	2579977	18727	NODE_20_length_76873_cov_5.638132	CP039435.1	94.220	12302	655	47	27041	39312	1536425	1524150	0.0
NODE_4253_length_8830_cov_6.130127	8154	3576	NODE_4253_length_8830_cov_6.130127	XM_026163680.1	94.152	2377	91	16	5102	7455	1	2352	0.0
NODE_18008_length_5300_cov_8.457017	47969	3352	NODE_18008_length_5300_cov_8.457017	XR_005611938.1	97.275	1982	44	5	270	2248	301	2275	0.0
NODE_30161_length_4275_cov_14.371844	47969	1238	NODE_30161_length_4275_cov_14.371844	XM_039604181.1	93.826	826	45	2	1098	1923	682	1501	0.0
NODE_63456_length_2915_cov_8.161029	8128	335	NODE_63456_length_2915_cov_8.161029	AB104861.1	98.421	190	3	0	1	190	1654	1843	1.48e-86
NODE_109371_length_1994_cov_11.549296	8128	627	NODE_109371_length_1994_cov_11.549296	JF262087.1	85.561	651	35	18	3	627	43754	44371	1.48e-174
NODE_145306_length_1531_cov_10.389959	8128	279	NODE_145306_length_1531_cov_10.389959	XM_019349304.2	81.132	371	51	17	252	612	11	372	3.65e-70
NODE_263324_length_594_cov_7.361702	8175	147	NODE_263324_length_594_cov_7.361702	LR537141.1	94.681	94	5	0	163	256	29225526	29225433	1.45e-30
NODE_349_length_22287_cov_78.882485	85433	250	NODE_349_length_22287_cov_78.882485	LR215991.1	90.526	190	16	2	15906	16093	20770006	20769817	4.26e-60
NODE_369_length_21657_cov_125.604310	310915	145	NODE_369_length_21657_cov_125.604310	XM_026946013.2	87.302	126	16	0	2434	2559	1574	1449	2.01e-28
NODE_1793_length_11807_cov_77.146547	7950	715	NODE_1793_length_11807_cov_77.146547	XM_031576267.1	76.107	1423	308	27	10045	11451	7063	5657	0.0
NODE_3811_length_9171_cov_73.605784	1676925	198	NODE_3811_length_9171_cov_73.605784	XM_023838919.1	73.785	576	119	25	1411	1970	1307	748	6.43e-45
NODE_7140_length_7381_cov_85.836254	6500	272	NODE_7140_length_7381_cov_85.836254	XM_035969988.1	73.446	772	185	18	3090	3851	14337	15098	3.00e-67
NODE_3125_length_9773_cov_5.469781	43689	3565	NODE_3125_length_9773_cov_5.469781	XM_040021837.1	97.521	2098	28	8	7689	9773	2211	125	0.0
NODE_24732_length_4659_cov_5.247272	43689	1459	NODE_24732_length_4659_cov_5.247272	XM_040033254.1	89.585	1181	80	14	1658	2807	3306	2138	0.0
NODE_35251_length_3982_cov_5.009731	8154	671	NODE_35251_length_3982_cov_5.009731	XM_026146634.1	89.815	540	31	9	3445	3982	612	95	0.0
NODE_77365_length_2573_cov_14.342548	8150	370	NODE_77365_length_2573_cov_14.342548	AB670669.1	94.958	238	9	3	813	1049	192	427	3.58e-97
NODE_163568_length_1345_cov_13.197161	303518	294	NODE_163568_length_1345_cov_13.197161	XM_013915282.1	100.000	159	0	0	645	803	5372	5214	1.14e-74
NODE_142_length_30826_cov_96.864028	7897	147	NODE_142_length_30826_cov_96.864028	XM_005990082.1	74.852	338	77	7	7970	8303	1027	694	7.97e-29
NODE_573_length_18528_cov_74.906509	32264	239	NODE_573_length_18528_cov_74.906509	XM_015926962.2	78.478	381	71	9	7159	7535	130	503	7.67e-57
NODE_975_length_15021_cov_69.156317	609295	254	NODE_975_length_15021_cov_69.156317	XM_014615405.1	75.327	535	129	3	12535	13068	4177	3645	2.22e-61
NODE_6549_length_7604_cov_70.130862	51655	209	NODE_6549_length_7604_cov_70.130862	XM_038110174.1	73.387	620	142	21	5326	5932	635	1244	2.46e-48
NODE_5916_length_7882_cov_6.055221	43689	1504	NODE_5916_length_7882_cov_6.055221	XM_040032969.1	96.785	902	27	2	3571	4471	3180	4080	0.0
NODE_19587_length_5125_cov_8.537242	43689	1522	NODE_19587_length_5125_cov_8.537242	XM_040050159.1	99.287	842	6	0	2025	2866	4234	3393	0.0
NODE_31090_length_4216_cov_5.733269	43689	516	NODE_31090_length_4216_cov_5.733269	XM_040037915.1	91.601	381	20	3	1156	1536	1	369	7.15e-141
NODE_51662_length_3277_cov_8.167188	8153	1705	NODE_51662_length_3277_cov_8.167188	XM_005947636.2	91.322	1256	77	14	2036	3277	2182	945	0.0
NODE_128081_length_1735_cov_12.788299	8154	483	NODE_128081_length_1735_cov_12.788299	XM_026164644.1	100.000	261	0	0	1475	1735	3533	3793	2.95e-131
NODE_175922_length_1232_cov_8.162771	8128	135	NODE_175922_length_1232_cov_8.162771	XM_013271827.3	98.684	76	1	0	1	76	1618	1543	6.70e-27
NODE_1699_length_12043_cov_74.583988	41117	309	NODE_1699_length_12043_cov_74.583988	XM_037229731.1	83.742	326	53	0	6123	6448	627	952	3.74e-78
NODE_9241_length_6763_cov_6.403231	8153	937	NODE_9241_length_6763_cov_6.403231	XM_005953498.1	88.932	768	74	7	5477	6236	124	888	0.0
NODE_18783_length_5212_cov_6.589094	8128	1247	NODE_18783_length_5212_cov_6.589094	XR_002058089.2	93.506	847	42	6	2312	3153	1467	629	0.0
NODE_38404_length_3824_cov_7.951962	8128	1482	NODE_38404_length_3824_cov_7.951962	XM_019357003.2	95.690	928	28	4	1	916	1273	346	0.0
NODE_80286_length_2511_cov_15.608874	257977	632	NODE_80286_length_2511_cov_15.608874	AB780553.1	92.360	445	33	1	843	1287	38516	38959	4.03e-176
NODE_103198_length_2091_cov_14.429990	47969	1369	NODE_103198_length_2091_cov_14.429990	XM_031728986.2	95.775	852	30	4	1241	2089	2439	1591	0.0
NODE_150900_length_1472_cov_5.122581	8153	246	NODE_150900_length_1472_cov_5.122581	EF594311.1	90.957	188	9	4	1	186	104160	104341	3.56e-60
NODE_149_length_30239_cov_73.239739	28377	156	NODE_149_length_30239_cov_73.239739	XM_008112280.1	84.713	157	22	2	3346	3501	1697	1542	1.30e-31
NODE_195_length_27492_cov_93.386467	103695	267	NODE_195_length_27492_cov_93.386467	XM_020806055.1	79.890	363	73	0	10703	11065	625	263	5.23e-65
NODE_779_length_16485_cov_70.356229	41447	691	NODE_779_length_16485_cov_70.356229	XM_022749243.1	78.770	1041	214	7	10477	11513	355	1392	0.0
NODE_3759_length_9205_cov_127.917068	2795564	206	NODE_3759_length_9205_cov_127.917068	XM_034972523.1	78.750	320	58	10	4644	4958	472	158	3.86e-47
NODE_7383_length_7298_cov_63.099294	7282	375	NODE_7383_length_7298_cov_63.099294	XM_022374224.2	78.089	607	123	9	374	975	1135	534	2.20e-98
NODE_8737_length_6907_cov_65.071010	118141	407	NODE_8737_length_6907_cov_65.071010	XM_036550044.1	75.374	869	200	13	284	1145	406	1267	7.39e-108
NODE_4649_length_8554_cov_13.059101	8128	9779	NODE_4649_length_8554_cov_13.059101	XM_019362635.2	95.009	6231	305	1	435	6665	6225	1	0.0
NODE_16556_length_5474_cov_17.922920	8128	1005	NODE_16556_length_5474_cov_17.922920	JF262087.1	83.649	1162	94	52	2085	3202	71886	72995	0.0
NODE_43812_length_3580_cov_11.559235	219968	499	NODE_43812_length_3580_cov_11.559235	AB101369.1	95.000	320	13	3	1531	1849	74	391	6.11e-136
NODE_69457_length_2759_cov_5.249441	8153	536	NODE_69457_length_2759_cov_5.249441	XM_005951701.2	97.170	318	7	2	1173	1489	317	1	3.58e-147
NODE_117727_length_1873_cov_5.033408	47969	1206	NODE_117727_length_1873_cov_5.033408	XM_039619859.1	95.509	757	30	2	162	918	1817	1065	0.0
NODE_178022_length_1214_cov_10.176781	8153	230	NODE_178022_length_1214_cov_10.176781	XM_014329101.1	93.506	154	10	0	1	154	1095	1248	2.94e-55
NODE_251753_length_671_cov_9.789562	43689	865	NODE_251753_length_671_cov_9.789562	XM_040039323.1	90.073	685	42	12	1	671	1104	432	0.0
NODE_159_length_29535_cov_63.670853	215358	217	NODE_159_length_29535_cov_63.670853	XM_027279308.1	74.212	539	129	9	20054	20587	1244	711	5.73e-50
NODE_277_length_24481_cov_114.232216	198635	462	NODE_277_length_24481_cov_114.232216	HG993125.1	83.673	490	80	0	4020	4509	88148024	88147535	5.53e-124
NODE_1185_length_13996_cov_68.076442	415028	163	NODE_1185_length_13996_cov_68.076442	XM_027665743.1	84.024	169	27	0	12807	12975	1274	1442	3.59e-34
NODE_1458_length_12848_cov_79.667058	7038	250	NODE_1458_length_12848_cov_79.667058	XM_019060862.1	79.133	369	71	5	2029	2396	2250	1887	2.46e-60
NODE_2191_length_11040_cov_90.676640	9771	241	NODE_2191_length_11040_cov_90.676640	XM_036833391.1	78.272	382	77	6	6546	6924	2966	2588	1.27e-57
NODE_7473_length_7272_cov_5.022655	8154	11265	NODE_7473_length_7272_cov_5.022655	XM_026165757.1	97.600	6584	138	6	189	6763	362	6934	0.0
NODE_22176_length_4880_cov_16.854466	8153	1567	NODE_22176_length_4880_cov_16.854466	XM_005953632.2	96.050	962	38	0	1712	2673	1	962	0.0
NODE_26200_length_4549_cov_17.192308	8154	5526	NODE_26200_length_4549_cov_17.192308	XM_026149939.1	98.108	3172	60	0	1378	4549	2	3173	0.0
NODE_82088_length_2474_cov_18.736337	106582	959	NODE_82088_length_2474_cov_18.736337	XM_012921966.3	97.340	564	15	0	957	1520	2564	2001	0.0
NODE_187573_length_1134_cov_6.668874	1410459	289	NODE_187573_length_1134_cov_6.668874	MK807206.1	97.619	168	4	0	967	1134	317	150	4.46e-73
NODE_229811_length_836_cov_14.823452	43689	920	NODE_229811_length_836_cov_14.823452	XM_040045987.1	91.754	667	47	2	3	668	3639	2980	0.0
NODE_23_length_67409_cov_78.812318	7375	427	NODE_23_length_67409_cov_78.812318	XM_023435174.1	77.747	719	144	14	61929	62639	1110	1820	5.56e-113
NODE_445_length_20372_cov_68.899778	988025	627	NODE_445_length_20372_cov_68.899778	LR994551.1	75.363	1376	299	33	4843	6198	8794132	8792777	1.54e-173
NODE_1142_length_14151_cov_67.063521	113330	147	NODE_1142_length_14151_cov_67.063521	HG992190.1	82.184	174	27	3	9688	9859	8807254	8807083	3.65e-29
NODE_2506_length_10545_cov_6.995510	8128	676	NODE_2506_length_10545_cov_6.995510	AB270897.1	89.127	561	37	8	7932	8468	90396	89836	0.0
NODE_24008_length_4721_cov_9.084841	13489	599	NODE_24008_length_4721_cov_9.084841	FQ310506.3	84.444	630	74	14	3359	3970	1948066	1947443	7.74e-166
NODE_47155_length_3443_cov_5.064765	43689	3264	NODE_47155_length_3443_cov_5.064765	XM_040047609.1	98.284	1865	28	4	1	1863	8982	7120	0.0
NODE_61279_length_2977_cov_5.396897	8154	268	NODE_61279_length_2977_cov_5.396897	XM_026160260.1	100.000	145	0	0	2833	2977	177	33	1.56e-66
NODE_101_length_33679_cov_74.323403	112090	182	NODE_101_length_33679_cov_74.323403	XM_009836401.1	75.059	421	89	15	785	1197	1947	1535	2.39e-39
NODE_407_length_20962_cov_76.355327	8103	375	NODE_407_length_20962_cov_76.355327	XM_034550187.1	75.607	783	177	14	8835	9610	1739	2514	6.34e-98
NODE_705_length_17223_cov_68.195497	7232	926	NODE_705_length_17223_cov_68.195497	XM_018107098.2	79.589	1313	252	12	12819	14120	1446	139	0.0
NODE_24952_length_4644_cov_58.176483	29030	233	NODE_24952_length_4644_cov_58.176483	XM_017140264.1	73.382	680	159	19	3458	4126	870	1538	8.89e-56
NODE_548_length_18775_cov_11.831854	8128	4361	NODE_548_length_18775_cov_11.831854	XM_025897084.1	91.810	3187	176	43	9033	12187	3134	1	0.0
NODE_2824_length_10116_cov_7.678753	47969	946	NODE_2824_length_10116_cov_7.678753	XM_039610748.1	96.354	576	19	2	3349	3923	4919	5493	0.0
NODE_23049_length_4803_cov_5.558824	43689	931	NODE_23049_length_4803_cov_5.558824	XR_005693521.1	95.167	600	11	3	3718	4304	600	1194	0.0
NODE_48444_length_3393_cov_6.220145	36212	311	NODE_48444_length_3393_cov_6.220145	LR991651.1	74.968	779	143	34	2381	3129	5849942	5849186	2.91e-79
NODE_59412_length_3034_cov_5.492391	8128	1290	NODE_59412_length_3034_cov_5.492391	XM_025905020.1	91.883	924	74	1	1	924	1260	2182	0.0
NODE_92069_length_2279_cov_9.249319	861768	2638	NODE_92069_length_2279_cov_9.249319	LR778259.1	90.863	1981	162	9	306	2279	13119336	13117368	0.0
NODE_180943_length_1189_cov_6.510791	8154	1528	NODE_180943_length_1189_cov_6.510791	XM_026163996.1	92.322	1094	54	9	1	1093	1638	2702	0.0
NODE_24_length_63878_cov_81.008652	9986	974	NODE_24_length_63878_cov_81.008652	NM_001101683.1	84.111	1007	160	0	4700	5706	1202	196	0.0
NODE_122_length_32007_cov_130.657532	38674	145	NODE_122_length_32007_cov_130.657532	XM_036190128.1	73.753	381	94	6	10754	11132	710	1086	2.97e-28
NODE_174_length_28514_cov_73.895523	56723	207	NODE_174_length_28514_cov_73.895523	XM_020642259.2	73.411	598	142	16	6997	7584	1594	1004	3.33e-47
NODE_354_length_22169_cov_67.531957	7160	490	NODE_354_length_22169_cov_67.531957	XM_019674798.2	75.190	1052	251	10	18444	19490	422	1468	2.30e-132
NODE_764_length_16597_cov_68.019855	105785	206	NODE_764_length_16597_cov_68.019855	XM_023862157.2	74.890	454	112	2	11994	12446	1376	1828	6.97e-47
NODE_8284_length_7029_cov_15.788119	8081	612	NODE_8284_length_7029_cov_15.788119	LR880663.1	86.861	548	70	2	5435	5982	24883204	24883749	1.48e-169
NODE_14251_length_5797_cov_6.620455	43689	1170	NODE_14251_length_5797_cov_6.620455	XM_040029412.1	92.848	811	51	7	2050	2858	1417	2222	0.0
NODE_41024_length_3703_cov_14.955323	257977	1476	NODE_41024_length_3703_cov_14.955323	AB780552.1	96.935	881	25	2	1044	1924	145810	146688	0.0
NODE_75424_length_2617_cov_18.800000	8128	2586	NODE_75424_length_2617_cov_18.800000	XM_025909863.1	93.530	1762	74	22	1	1745	5086	6824	0.0
NODE_142955_length_1557_cov_7.899324	47969	298	NODE_142955_length_1557_cov_7.899324	XR_005609967.1	91.403	221	13	2	1	216	947	728	1.03e-75
NODE_185146_length_1154_cov_5.437326	43689	619	NODE_185146_length_1154_cov_5.437326	XR_005698097.1	92.360	445	19	6	2	442	1119	686	1.42e-172
NODE_212455_length_952_cov_5.795429	43689	344	NODE_212455_length_952_cov_5.795429	XM_040035823.1	87.919	298	29	2	1	298	6020	6310	7.83e-90
NODE_2509_length_10537_cov_70.161759	9172	281	NODE_2509_length_10537_cov_70.161759	XM_014872650.1	76.259	556	116	14	9175	9722	1068	1615	7.14e-70
NODE_6948_length_7450_cov_67.661061	29144	217	NODE_6948_length_7450_cov_67.661061	XM_030778678.1	83.122	237	40	0	2886	3122	347	111	1.44e-50
NODE_2298_length_10867_cov_15.334662	257977	1229	NODE_2298_length_10867_cov_15.334662	AB780549.1	92.575	862	55	5	9722	10574	95133	94272	0.0
NODE_6943_length_7451_cov_7.994847	43689	5382	NODE_6943_length_7451_cov_7.994847	XM_040002100.1	97.443	3168	59	5	3351	6517	3147	1	0.0
NODE_17213_length_5395_cov_5.870064	43689	1528	NODE_17213_length_5395_cov_5.870064	XM_040052694.1	95.602	955	39	3	1755	2708	1282	330	0.0
NODE_34066_length_4045_cov_12.855091	315492	484	NODE_34066_length_4045_cov_12.855091	CP032601.1	79.275	772	101	42	22	744	587410	588171	1.93e-131
NODE_65463_length_2861_cov_6.223420	43689	747	NODE_65463_length_2861_cov_6.223420	XM_040041600.1	96.312	461	5	5	666	1126	449	1	0.0
NODE_133104_length_1673_cov_11.516917	47969	422	NODE_133104_length_1673_cov_11.516917	XM_031728974.2	96.825	252	8	0	1422	1673	3161	2910	6.28e-113
NODE_171677_length_1270_cov_9.116513	9606	2346	NODE_171677_length_1270_cov_9.116513	AP023859.1	100.000	1270	0	0	1	1270	21517	22786	0.0
NODE_214768_length_936_cov_5.286380	47969	941	NODE_214768_length_936_cov_5.286380	XM_031753278.2	96.348	575	16	4	212	781	3460	2886	0.0
